906922643
906929320
906934447
906936896
906975106
906976609
906984072
907372374
907372590
908382592
911575166
911720381
926490472
931862432
949965404
957229496
962126917
962127190
963452876
963453017
990014619
991629618
1008119733
1019999869
1027034021
1027034521
1027035039
1030558838
1031894771
1031977205
1032005539
1032016198
1006498126
1003310699
1003057942
1002761423
979327778
977277977
963018933
956012498
891300241
799495915
731708758
726884572
713891891
673669544
606319638
515497823
515471647
468305490
429341637
385382084
243509563
213089734
127739754
97847743
20739934
1032585177
1033773085
1033772994
1022881839
1022877873
1034056296
1034069794
1034069739
1034545494
